##FastQC	0.11.9
>>Basic Statistics	pass
#Measure	Value
Filename	reads-fw.fastq
File type	Conventional base calls
Encoding	Sanger / Illumina 1.9
Total Sequences	10000
Sequences flagged as poor quality	0
Sequence length	37
%GC	51
>>END_MODULE
>>Per base sequence quality	pass
#Base	Mean	Median	Lower Quartile	Upper Quartile	10th Percentile	90th Percentile
1	39.6856	40.0	40.0	40.0	40.0	40.0
2	39.6714	40.0	40.0	40.0	40.0	40.0
3	39.7026	40.0	40.0	40.0	40.0	40.0
4	39.6852	40.0	40.0	40.0	40.0	40.0
5	39.7197	40.0	40.0	40.0	40.0	40.0
6	39.4947	40.0	40.0	40.0	40.0	40.0
7	39.7237	40.0	40.0	40.0	40.0	40.0
8	39.7194	40.0	40.0	40.0	40.0	40.0
9	39.7877	40.0	40.0	40.0	40.0	40.0
10	39.6986	40.0	40.0	40.0	40.0	40.0
11	39.7333	40.0	40.0	40.0	40.0	40.0
12	39.723	40.0	40.0	40.0	40.0	40.0
13	39.6897	40.0	40.0	40.0	40.0	40.0
14	39.5874	40.0	40.0	40.0	40.0	40.0
15	39.5867	40.0	40.0	40.0	40.0	40.0
16	39.5885	40.0	40.0	40.0	40.0	40.0
17	39.4482	40.0	40.0	40.0	40.0	40.0
18	39.1721	40.0	40.0	40.0	40.0	40.0
19	39.2614	40.0	40.0	40.0	40.0	40.0
20	39.121	40.0	40.0	40.0	40.0	40.0
21	39.1585	40.0	40.0	40.0	40.0	40.0
22	39.0696	40.0	40.0	40.0	40.0	40.0
23	38.603	40.0	40.0	40.0	40.0	40.0
24	38.4515	40.0	40.0	40.0	39.0	40.0
25	38.5934	40.0	40.0	40.0	40.0	40.0
26	38.2015	40.0	40.0	40.0	36.0	40.0
27	37.9896	40.0	40.0	40.0	34.0	40.0
28	37.6731	40.0	40.0	40.0	31.0	40.0
29	37.4287	40.0	40.0	40.0	29.0	40.0
30	37.0903	40.0	40.0	40.0	28.0	40.0
31	36.9783	40.0	40.0	40.0	27.0	40.0
32	35.7879	40.0	37.0	40.0	22.0	40.0
33	35.971	40.0	38.0	40.0	23.0	40.0
34	35.3947	40.0	35.0	40.0	21.0	40.0
35	35.2002	40.0	34.0	40.0	21.0	40.0
36	34.7067	40.0	32.0	40.0	19.0	40.0
37	33.7123	40.0	29.0	40.0	17.0	40.0
>>END_MODULE
>>Per tile sequence quality	pass
#Tile	Base	Mean
1	1	0.0
1	2	0.0
1	3	0.0
1	4	0.0
1	5	0.0
1	6	0.0
1	7	0.0
1	8	0.0
1	9	0.0
1	10	0.0
1	11	0.0
1	12	0.0
1	13	0.0
1	14	0.0
1	15	0.0
1	16	0.0
1	17	0.0
1	18	0.0
1	19	0.0
1	20	0.0
1	21	0.0
1	22	0.0
1	23	0.0
1	24	0.0
1	25	0.0
1	26	0.0
1	27	0.0
1	28	0.0
1	29	0.0
1	30	0.0
1	31	0.0
1	32	0.0
1	33	0.0
1	34	0.0
1	35	0.0
1	36	0.0
1	37	0.0
>>END_MODULE
>>Per sequence quality scores	pass
#Quality	Count
5	1.0
6	0.0
7	0.0
8	0.0
9	0.0
10	0.0
11	1.0
12	0.0
13	1.0
14	0.0
15	0.0
16	0.0
17	0.0
18	0.0
19	2.0
20	2.0
21	2.0
22	4.0
23	4.0
24	10.0
25	3.0
26	13.0
27	19.0
28	26.0
29	50.0
30	52.0
31	42.0
32	86.0
33	128.0
34	177.0
35	293.0
36	553.0
37	1007.0
38	2029.0
39	4151.0
40	1344.0
>>END_MODULE
>>Per base sequence content	fail
#Base	G	A	T	C
1	40.48214464339302	7.092127638291487	9.92297689306792	42.502750825247574
2	27.589999999999996	14.13	30.409999999999997	27.87
3	26.919999999999998	18.01	20.27	34.8
4	35.480000000000004	20.96	17.740000000000002	25.82
5	30.620000000000005	26.790000000000003	23.02	19.57
6	24.85	32.06	22.23	20.86
7	21.13	17.46	37.75	23.66
8	23.51	21.87	27.860000000000003	26.76
9	23.669999999999998	20.64	30.04	25.650000000000002
10	25.480000000000004	32.05	22.58	19.89
11	27.57	25.35	19.81	27.27
12	25.53	21.490000000000002	26.029999999999998	26.950000000000003
13	25.580000000000002	23.93	26.86	23.630000000000003
14	24.709999999999997	24.55	26.5	24.240000000000002
15	24.3	24.959999999999997	26.32	24.42
16	25.34	24.34	24.87	25.45
17	26.5	23.48	25.45	24.57
18	24.18	24.47	26.009999999999998	25.34
19	26.229999999999997	23.65	24.72	25.4
20	24.81	24.86	25.44	24.89
21	24.779999999999998	24.21	26.21	24.8
22	25.16	23.79	25.580000000000002	25.47
23	24.4	25.080000000000002	25.81	24.709999999999997
24	25.180000000000003	24.29	26.169999999999998	24.36
25	26.009999999999998	23.44	25.0	25.55
26	25.66	24.05	25.77	24.52
27	24.490000000000002	24.59	25.77	25.15
28	25.55	24.16	25.009999999999998	25.28
29	25.69	24.33	25.650000000000002	24.33
30	24.279999999999998	24.709999999999997	26.58	24.43
31	25.759999999999998	22.95	24.959999999999997	26.33
32	25.380000000000003	24.610000000000003	24.43	25.580000000000002
33	24.02	24.77	26.32	24.89
34	26.119999999999997	24.37	24.85	24.66
35	25.47	24.610000000000003	25.77	24.15
36	24.11	24.26	26.169999999999998	25.46
37	26.07	23.549999999999997	24.9	25.480000000000004
>>END_MODULE
>>Per sequence GC content	warn
#GC Content	Count
0	16.0
1	8.0
2	0.0
3	0.0
4	1.0
5	2.0
6	2.0
7	2.0
8	2.0
9	1.5
10	1.0
11	1.0
12	4.0
13	7.0
14	7.0
15	13.0
16	19.0
17	19.0
18	23.0
19	27.0
20	40.5
21	54.0
22	54.0
23	74.0
24	94.0
25	94.0
26	113.0
27	132.0
28	155.0
29	178.0
30	178.0
31	208.0
32	238.0
33	238.0
34	269.5
35	301.0
36	337.0
37	373.0
38	373.0
39	422.0
40	471.0
41	471.0
42	538.5
43	606.0
44	606.0
45	652.0
46	698.0
47	783.0
48	868.0
49	868.0
50	882.0
51	896.0
52	896.0
53	946.5
54	997.0
55	988.0
56	979.0
57	979.0
58	945.5
59	912.0
60	912.0
61	833.5
62	755.0
63	755.0
64	660.5
65	566.0
66	462.5
67	359.0
68	359.0
69	287.0
70	215.0
71	215.0
72	181.0
73	147.0
74	99.5
75	52.0
76	52.0
77	36.0
78	20.0
79	20.0
80	13.0
81	6.0
82	5.0
83	4.0
84	4.0
85	3.5
86	3.0
87	3.0
88	1.5
89	0.0
90	0.0
91	0.0
92	0.0
93	0.5
94	1.0
95	1.0
96	0.5
97	0.0
98	0.0
99	0.5
100	1.0
>>END_MODULE
>>Per base N content	pass
#Base	N-Count
1	0.03
2	0.0
3	0.0
4	0.0
5	0.0
6	0.0
7	0.0
8	0.0
9	0.0
10	0.0
11	0.0
12	0.0
13	0.0
14	0.0
15	0.0
16	0.0
17	0.0
18	0.0
19	0.0
20	0.0
21	0.0
22	0.0
23	0.0
24	0.0
25	0.0
26	0.0
27	0.0
28	0.0
29	0.0
30	0.0
31	0.0
32	0.0
33	0.0
34	0.0
35	0.0
36	0.0
37	0.0
>>END_MODULE
>>Sequence Length Distribution	pass
#Length	Count
37	10000.0
>>END_MODULE
>>Sequence Duplication Levels	pass
#Total Deduplicated Percentage	97.52
#Duplication Level	Percentage of deduplicated	Percentage of total
1	98.24651353568498	95.81
2	1.3740771123872026	2.68
3	0.2666119770303527	0.7799999999999999
4	0.05127153404429861	0.2
5	0.020508613617719443	0.1
6	0.010254306808859722	0.06
7	0.010254306808859722	0.06999999999999999
8	0.0	0.0
9	0.0	0.0
>10	0.020508613617719443	0.3
>50	0.0	0.0
>100	0.0	0.0
>500	0.0	0.0
>1k	0.0	0.0
>5k	0.0	0.0
>10k+	0.0	0.0
>>END_MODULE
>>Overrepresented sequences	warn
#Sequence	Count	Percentage	Possible Source
AAAAAAAAAAAAAAAAAAAAAAAAAAAAAAAAAAAAA	15	0.15	No Hit
GTCCTTTCGTACTAAAATATCACAATTTTTTAAAGAT	15	0.15	No Hit
>>END_MODULE
>>Adapter Content	pass
#Position	Illumina Universal Adapter	Illumina Small RNA 3' Adapter	Illumina Small RNA 5' Adapter	Nextera Transposase Sequence	SOLID Small RNA Adapter
1	0.0	0.0	0.0	0.0	0.0
2	0.0	0.0	0.0	0.0	0.0
3	0.0	0.0	0.0	0.0	0.0
4	0.0	0.0	0.0	0.0	0.0
5	0.0	0.0	0.0	0.0	0.0
6	0.0	0.0	0.0	0.0	0.0
7	0.0	0.0	0.0	0.0	0.0
8	0.0	0.0	0.0	0.0	0.0
9	0.0	0.0	0.0	0.0	0.0
10	0.0	0.0	0.0	0.0	0.0
11	0.0	0.0	0.0	0.0	0.0
12	0.0	0.0	0.0	0.0	0.0
13	0.0	0.0	0.0	0.0	0.0
14	0.0	0.0	0.0	0.0	0.0
15	0.0	0.0	0.0	0.0	0.0
16	0.0	0.0	0.0	0.0	0.0
17	0.0	0.0	0.0	0.0	0.0
18	0.0	0.0	0.0	0.0	0.0
19	0.0	0.0	0.0	0.0	0.0
20	0.0	0.0	0.0	0.0	0.0
21	0.01	0.0	0.0	0.0	0.0
22	0.01	0.0	0.0	0.0	0.0
23	0.01	0.0	0.0	0.0	0.0
24	0.01	0.0	0.0	0.0	0.0
25	0.02	0.0	0.0	0.0	0.0
26	0.06	0.0	0.0	0.0	0.0
>>END_MODULE
