##FastQC	0.11.9
>>Basic Statistics	pass
#Measure	Value
Filename	reads-fw-trim.fastq
File type	Conventional base calls
Encoding	Sanger / Illumina 1.9
Total Sequences	9988
Sequences flagged as poor quality	0
Sequence length	20-37
%GC	51
>>END_MODULE
>>Per base sequence quality	pass
#Base	Mean	Median	Lower Quartile	Upper Quartile	10th Percentile	90th Percentile
1	39.690828994793755	40.0	40.0	40.0	40.0	40.0
2	39.679315178213855	40.0	40.0	40.0	40.0	40.0
3	39.709451341609935	40.0	40.0	40.0	40.0	40.0
4	39.69703644373248	40.0	40.0	40.0	40.0	40.0
5	39.73287945534641	40.0	40.0	40.0	40.0	40.0
6	39.50800961153384	40.0	40.0	40.0	40.0	40.0
7	39.736483780536645	40.0	40.0	40.0	40.0	40.0
8	39.733079695634764	40.0	40.0	40.0	40.0	40.0
9	39.80296355626752	40.0	40.0	40.0	40.0	40.0
10	39.71335602723268	40.0	40.0	40.0	40.0	40.0
11	39.75190228273929	40.0	40.0	40.0	40.0	40.0
12	39.73698438125751	40.0	40.0	40.0	40.0	40.0
13	39.70835002002403	40.0	40.0	40.0	40.0	40.0
14	39.60172206647977	40.0	40.0	40.0	40.0	40.0
15	39.60462555066079	40.0	40.0	40.0	40.0	40.0
16	39.60672807368842	40.0	40.0	40.0	40.0	40.0
17	39.47316780136163	40.0	40.0	40.0	40.0	40.0
18	39.18672406888266	40.0	40.0	40.0	40.0	40.0
19	39.28674409291149	40.0	40.0	40.0	40.0	40.0
20	39.15258309971966	40.0	40.0	40.0	40.0	40.0
21	39.20947705870567	40.0	40.0	40.0	40.0	40.0
22	39.133179677322374	40.0	40.0	40.0	40.0	40.0
23	38.676626892610045	40.0	40.0	40.0	40.0	40.0
24	38.52140780106287	40.0	40.0	40.0	39.0	40.0
25	38.674089678001806	40.0	40.0	40.0	40.0	40.0
26	38.29450130443508	40.0	40.0	40.0	37.0	40.0
27	38.09187669444724	40.0	40.0	40.0	34.0	40.0
28	37.798111691442344	40.0	40.0	40.0	32.0	40.0
29	37.55835930431286	40.0	40.0	40.0	30.0	40.0
30	37.24909420289855	40.0	40.0	40.0	28.0	40.0
31	37.16451742897441	40.0	40.0	40.0	28.0	40.0
32	35.96813873764872	40.0	38.0	40.0	22.0	40.0
33	36.221357850070724	40.0	38.0	40.0	24.0	40.0
34	35.73300872387908	40.0	36.0	40.0	22.0	40.0
35	35.63576091391269	40.0	35.0	40.0	22.0	40.0
36	35.611504056584145	40.0	34.0	40.0	23.0	40.0
37	36.977880184331795	40.0	36.0	40.0	27.0	40.0
>>END_MODULE
>>Per tile sequence quality	pass
#Tile	Base	Mean
1	1	0.0
1	2	0.0
1	3	0.0
1	4	0.0
1	5	0.0
1	6	0.0
1	7	0.0
1	8	0.0
1	9	0.0
1	10	0.0
1	11	0.0
1	12	0.0
1	13	0.0
1	14	0.0
1	15	0.0
1	16	0.0
1	17	0.0
1	18	0.0
1	19	0.0
1	20	0.0
1	21	0.0
1	22	0.0
1	23	0.0
1	24	0.0
1	25	0.0
1	26	0.0
1	27	0.0
1	28	0.0
1	29	0.0
1	30	0.0
1	31	0.0
1	32	0.0
1	33	0.0
1	34	0.0
1	35	0.0
1	36	0.0
1	37	0.0
>>END_MODULE
>>Per sequence quality scores	pass
#Quality	Count
22	1.0
23	0.0
24	3.0
25	2.0
26	6.0
27	12.0
28	10.0
29	32.0
30	31.0
31	46.0
32	76.0
33	105.0
34	156.0
35	272.0
36	490.0
37	965.0
38	2029.0
39	4347.0
40	1405.0
>>END_MODULE
>>Per base sequence content	fail
#Base	G	A	T	C
1	40.46069103655483	7.090635953930896	9.914872308462694	42.533800701051575
2	27.583099719663593	14.146976371645975	30.416499799759713	27.853424108930717
3	26.942330796956348	18.03163796555867	20.244293151782138	34.78173808570285
4	35.46255506607929	20.965158189827793	17.741289547456947	25.830997196635963
5	30.606728073688426	26.802162595114137	23.017621145374452	19.57348818582299
6	24.85983179815779	32.088506207448944	22.24669603524229	20.80496595915098
7	21.115338406087307	17.470965158189827	37.75530636764117	23.658390068081697
8	23.488185822987585	21.886263516219465	27.863436123348016	26.762114537444937
9	23.668402082499	20.64477372847417	30.026031237484986	25.66079295154185
10	25.48057669203044	32.06848217861434	22.567080496595914	19.883860632759312
11	27.563075690829	25.37044453344013	19.793752503003603	27.27272727272727
12	25.51061273528234	21.515818982779336	26.02122547056468	26.952342811373647
13	25.560672807368846	23.948738486183423	26.86223468161794	23.628354024829797
14	24.709651581898278	24.569483380056067	26.491790148177813	24.229074889867842
15	24.299158990788946	24.9699639567481	26.311573888666402	24.419303163796556
16	25.310372446936324	24.369243091710054	24.87985582699239	25.440528634361232
17	26.501802162595112	23.478173808570286	25.440528634361232	24.57949539447337
18	24.17901481778134	24.48938726471766	26.011213456147374	25.320384461353623
19	26.191429715658792	23.6784140969163	24.739687625150182	25.39046856227473
20	24.809771726071286	24.85983179815779	25.420504605526634	24.909891870244294
21	24.754558204768585	24.22360248447205	26.21719094369866	24.804648367060707
22	25.132778835554664	23.78995891371881	25.603767912616494	25.47349433811003
23	24.385841772786524	25.127845181991376	25.79965907951469	24.68665396570741
24	25.167953474380827	24.33570640729971	26.170660784117118	24.325679334202345
25	25.990570769385098	23.46273447687832	24.987461129501455	25.559233624235127
26	25.63716636564319	24.101946618502907	25.74754164158138	24.51334537427253
27	24.43016367105131	24.651069384476354	25.735515614017473	25.183251330454866
28	25.492165528324627	24.206508638007232	25.06026516673363	25.241060666934512
29	25.62581682919473	24.38926309440032	25.62581682919473	24.359103247210214
30	24.214975845410628	24.76851851851852	26.55998389694042	24.456521739130434
31	25.690106790247835	23.030425146080997	24.924440862381626	26.355027201289545
32	25.26719096592055	24.66223028836459	24.490824763057066	25.57975398265779
33	23.833097595473834	24.883814912103457	26.298242069104873	24.984845423317843
34	26.009332521809696	24.437005477784542	24.90363156826943	24.650030432136337
35	25.295797633618932	24.734802121583026	25.72419420644635	24.245206038351693
36	23.684210526315788	24.495527355939256	26.284584980237153	25.5356771375078
37	25.276497695852534	23.07603686635945	25.44930875576037	26.19815668202765
>>END_MODULE
>>Per sequence GC content	warn
#GC Content	Count
0	15.0
1	7.5
2	0.0
3	0.0
4	1.0
5	2.0
6	2.0
7	2.0
8	2.0
9	1.0
10	0.5
11	1.0
12	4.5
13	7.5
14	7.0
15	14.0
16	21.0
17	21.5
18	26.0
19	30.0
20	42.0
21	54.5
22	55.5
23	74.5
24	96.5
25	99.5
26	112.5
27	125.5
28	149.5
29	178.0
30	183.0
31	212.0
32	242.5
33	245.0
34	271.0
35	300.5
36	338.0
37	372.5
38	380.0
39	430.0
40	472.0
41	472.0
42	537.0
43	608.5
44	618.5
45	659.0
46	701.5
47	785.0
48	865.0
49	871.0
50	880.0
51	888.5
52	891.5
53	930.5
54	984.5
55	986.0
56	975.5
57	979.0
58	942.0
59	906.5
60	901.0
61	818.5
62	745.5
63	744.0
64	662.5
65	577.0
66	484.5
67	397.0
68	380.5
69	300.0
70	232.5
71	222.5
72	185.5
73	153.0
74	106.0
75	61.5
76	54.5
77	38.5
78	29.5
79	27.0
80	17.0
81	10.0
82	9.0
83	6.5
84	4.0
85	1.5
86	1.0
87	2.0
88	2.0
89	1.5
90	0.5
91	0.0
92	0.0
93	0.0
94	0.0
95	0.5
96	1.0
97	1.0
98	0.5
99	0.0
100	0.0
>>END_MODULE
>>Per base N content	pass
#Base	N-Count
1	0.030036043251902282
2	0.0
3	0.0
4	0.0
5	0.0
6	0.0
7	0.0
8	0.0
9	0.0
10	0.0
11	0.0
12	0.0
13	0.0
14	0.0
15	0.0
16	0.0
17	0.0
18	0.0
19	0.0
20	0.0
21	0.0
22	0.0
23	0.0
24	0.0
25	0.0
26	0.0
27	0.0
28	0.0
29	0.0
30	0.0
31	0.0
32	0.0
33	0.0
34	0.0
35	0.0
36	0.0
37	0.0
>>END_MODULE
>>Sequence Length Distribution	warn
#Length	Count
20	6.0
21	3.0
22	6.0
23	0.0
24	4.0
25	3.0
26	7.0
27	3.0
28	9.0
29	11.0
30	10.0
31	8.0
32	20.0
33	40.0
34	54.0
35	190.0
36	934.0
37	8680.0
>>END_MODULE
>>Sequence Duplication Levels	pass
#Total Deduplicated Percentage	97.74729675610733
#Duplication Level	Percentage of deduplicated	Percentage of total
1	98.40213049267643	96.18542250700841
2	1.2598586500051214	2.462955546655987
3	0.24582607804977977	0.7208650380456548
4	0.03072825975622247	0.12014417300760913
5	0.020485506504148314	0.1001201441730076
6	0.010242753252074157	0.060072086503804564
7	0.010242753252074157	0.07008410092110533
8	0.0	0.0
9	0.0	0.0
>10	0.020485506504148314	0.2803364036844213
>50	0.0	0.0
>100	0.0	0.0
>500	0.0	0.0
>1k	0.0	0.0
>5k	0.0	0.0
>10k+	0.0	0.0
>>END_MODULE
>>Overrepresented sequences	warn
#Sequence	Count	Percentage	Possible Source
AAAAAAAAAAAAAAAAAAAAAAAAAAAAAAAAAAAAA	14	0.14016820184221065	No Hit
GTCCTTTCGTACTAAAATATCACAATTTTTTAAAGAT	14	0.14016820184221065	No Hit
>>END_MODULE
>>Adapter Content	pass
#Position	Illumina Universal Adapter	Illumina Small RNA 3' Adapter	Illumina Small RNA 5' Adapter	Nextera Transposase Sequence	SOLID Small RNA Adapter
1	0.0	0.0	0.0	0.0	0.0
2	0.0	0.0	0.0	0.0	0.0
3	0.0	0.0	0.0	0.0	0.0
4	0.0	0.0	0.0	0.0	0.0
5	0.0	0.0	0.0	0.0	0.0
6	0.0	0.0	0.0	0.0	0.0
7	0.0	0.0	0.0	0.0	0.0
8	0.0	0.0	0.0	0.0	0.0
9	0.0	0.0	0.0	0.0	0.0
10	0.0	0.0	0.0	0.0	0.0
11	0.0	0.0	0.0	0.0	0.0
12	0.0	0.0	0.0	0.0	0.0
13	0.0	0.0	0.0	0.0	0.0
14	0.0	0.0	0.0	0.0	0.0
15	0.0	0.0	0.0	0.0	0.0
16	0.0	0.0	0.0	0.0	0.0
17	0.0	0.0	0.0	0.0	0.0
18	0.0	0.0	0.0	0.0	0.0
19	0.0	0.0	0.0	0.0	0.0
20	0.0	0.0	0.0	0.0	0.0
21	0.010012014417300761	0.0	0.0	0.0	0.0
22	0.010012014417300761	0.0	0.0	0.0	0.0
23	0.010012014417300761	0.0	0.0	0.0	0.0
24	0.010012014417300761	0.0	0.0	0.0	0.0
25	0.020024028834601523	0.0	0.0	0.0	0.0
26	0.060072086503804564	0.0	0.0	0.0	0.0
>>END_MODULE
